173
919
874
831
715
348
52
48
179
489
760
894
82
910
360
176
256
679
515
145
37
561
966
225
665
82
176
299
112
897
880
240
197
125
269
725
218
119
578
868
374
225
189
275
455
627
529
124
885
537
775
88
580
448
536
768
657
334
711
9
16
64
615
527
842
254
365
506
587
500
192
731
922
339
756
571
57
339
864
790
191
678
357
849
924
255
914
223
937
74
859
663
694
159
915
825
305
767
470
931
779
649
251
535
365
499
467
179
144
240
351
464
220
333
253
893
323
610
264
422
651
429
874
152
403
598
703
729
427
206
797
120
940
819
82
598
848
582
571
633
312
136
497
380
458
132
214
782
538
276
118
559
261
51
96
132
549
877
864
106
47
163
551
488
382
413
428
751
749
828
316
154
861
752
71
574
954
36
318
733
758
907
225
309
726
947
551
954
264
770
949
452
682
950
651
747
444
610
603
154
793
797
704
634
722
44
382
173
154
46
190
168
457
520
542
550
419
46
671
794
200
33
23
603
292
458
269
82
994
935
930
994
59
1
367
159
855
575
570
221
490
125
571
139
998
588
386
705
62
759
235
881
750
843
319
653
128
977
98
931
982
151
564
363
212
180
659
414
437
911
695
901
618
957
383
342
93
803
720
385
853
698
308
752
405
647
783
240
804
958
217
479
403
469
74
413
564
733
132
411
303
230
660
929
99
306
925
164
193
489
810
406
823
795
346
357
479
205
229
339
166
794
948
513
376
563
26
836
429
765
434
169
686
167
776
960
104
75
703
173
454
185
811
565
790
594
584
754
651
617
207
491
852
423
674
624
178
53
295
389
864
860
191
966
236
889
947
397
888
861
399
705
362
173
30
124
855
762
181
185
946
954
341
474
768
863
999
309
86
160
652
531
833
906
749
117
729
859
484
674
577
228
949
522
167
391
193
958
157
316
954
667
778
371
214
407
53
927
488
940
330
856
912
223
3
734
617
443
255
149
630
384
419
25
38
326
708
559
212
164
749
463
482
184
809
982
31
753
807
452
688
331
856
79
488
264
659
276
479
257
893
582
539
530
992
466
952
892
321
804
367
989
698
701
122
328
178
637
618
533
444
674
471
196
878
856
376
996
611
585
997
243
997
812
904
983
673
49
933
742
271
217
686
500
243
361
465
693
621
431
99
347
978
665
534
936
793
90
160
13
102
193
940
653
841
843
963
907
410
463
879
278
341
975
940
569
658
32
684
798
265
932
535
780
231
87
738
344
665
488
518
789
226
746
874
395
315
733
299
259
205
104
534
172
876
465
634
844
202
46
133
129
798
76
850
981
214
823
74
716
493
927
199
584
186
461
785
582
290
813
258
614
895
114
983
41
671
152
750
959
56
468
188
49
588
172
273
951
885
404
321
779
10
484
223
10
532
863
757
339
280
211
847
696
572
879
136
215
938
581
719
569
243
967
185
957
425
935
48
376
69
100
777
284
413
15
383
685
406
476
304
423
983
624
319
3
457
572
230
985
802
186
397
855
530
448
704
385
762
565
818
934
254
152
608
781
371
285
480
469
214
900
26
71
829
998
35
57
256
263
250
126
329
664
995
621
490
416
308
154
700
801
61
864
741
304
751
462
763
579
526
897
64
360
68
585
317
287
910
745
43
445
961
934
185
277
516
25
755
139
417
657
50
135
570
215
365
495
484
9
593
799
117
390
38
882
721
457
603
447
55
290
633
96
648
911
341
629
371
290
285
432
5
823
650
395
209
369
296
662
882
527
40
353
986
447
452
770
553
234
168
660
268
705
91
59
677
35
343
874
8
246
209
835
514
457
837
523
819
539
377
341
303
948
975
972
763
933
867
741
589
469
447
6
529
856
433
152
413
308
10
749
68
584
617
864
829
328
346
984
366
793
400
132
393
488
76
703
359
95
714
950
244
382
909
998
132
257
905
366
617
255
625
362
688
774
367
923
464
944
661
460
107
498
921
916
117
625
742
626
768
462
193
911
560
334
405
340
745
859
169
967
448
493
238
340
94
226
159
251
888
753
784
817
304
221
79
667
60
626
415
497
763
994
119
3
634
763
838
219
563
13
747
737
937
688
544
806
591
204
239
925
51
739
539
247
631
116
517
718
562
605
572
570
291
289
15
252
120
623
678
911
160
224
828
525
613
138
344
400
373
805
303
987
925
54
696
770
611
396
53
192
692
924
890
897
692
102
772
791
333
532
977
301
53
592
513
471
750
282
621
698
712
649
861
76
745
668
919
70
820
904
141
237
553
470
920
40
306
618
